> debug.sh example007

DEBUG: Debugging ON

 pc: 0000000000000005  sr: zsop   r0: 0000000000000003 (                   3)  

 pc: 0000000000000007  sr: zSop   r0: ffffffffffffffff (                  -1)  

 pc: 000000000000000a  sr: zsop   r0: 0000000000000006 (                   6)  

 pc: 000000000000000c  sr: zsoP   r0: 0000000000000001 (                   1)  

 pc: 0000000000000010  sr: zsop   f0: 400ca1cac083126f (                 3.579)  

 pc: 0000000000000012  sr: zSop   f0: bff1c6a7ef9db22e (                -1.111)  

 pc: 0000000000000015  sr: zsop   f0: 401d77d6550bcb10 (            7.36702855)  

 pc: 0000000000000017  sr: zsop   f0: 3ff56f665c56cb14 (      1.33969722814499)  

 pc: 000000000000001a  sr: zsop   r0: 0000000000000003 (                   3)  

 pc: 000000000000001c  sr: zSop   r0: ffffffffffffffff (                  -1)  

 pc: 000000000000001f  sr: zsop   r0: 0000000000000006 (                   6)  

 pc: 0000000000000021  sr: zsoP   r0: 0000000000000001 (                   1)  

 pc: 0000000000000024  sr: zsop   f0: 4009df3b645a1cac (                 3.234)  

 pc: 0000000000000026  sr: zSop   f0: bfe883126e978d50 (                -0.766)  

 pc: 0000000000000029  sr: zsop   f0: 401921f9f01b866e (               6.28318)  

 pc: 000000000000002b  sr: zsop   f0: 3ff921f9f01b866e (              1.570795)  


CPU State
  R               hex                  dec  FP                   float   Stack               hex                  dec                  float
 r0: 0000000000000001                    1  f0:               1.570795 =>
 r1: 0000000000000003                    3  f1:                3.14159
 r2: 0000000000000002                    2  f2:                  2.345
 r3: 0000000000000000                    0  f3:                      0
 r4: 0000000000000000                    0  f4:                      0
 r5: 0000000000000000                    0  f5:                      0
 r6: 0000000000000000                    0  f6:                      0
 r7: 0000000000000000                    0  f7:                      0
 r8: 0000000000000000                    0  f8:                      0
 r9: 0000000000000000                    0  f9:                      0
r10: 0000000000000000                    0 f10:                      0
r11: 0000000000000000                    0 f11:                      0
r12: 0000000000000000                    0 f12:                      0
r13: 0000000000000000                    0 f13:                      0
r14: 0000000000000000                    0 f14:                      0
r15: 0000000000000000                    0 f15:                      0
r16: 0000000000000000                    0 f16:                      0
r17: 0000000000000000                    0 f17:                      0
r18: 0000000000000000                    0 f18:                      0
r19: 0000000000000000                    0 f19:                      0
r20: 0000000000000000                    0 f20:                      0
r21: 0000000000000000                    0 f21:                      0
r22: 0000000000000000                    0 f22:                      0
r23: 0000000000000000                    0 f23:                      0
r24: 0000000000000000                    0 f24:                      0
r25: 0000000000000000                    0 f25:                      0
r26: 0000000000000000                    0 f26:                      0
r27: 0000000000000000                    0 f27:                      0
r28: 0000000000000000                    0 f28:                      0
 sf: ffffffffffffffff                      f29:                      0
 sp: ffffffffffffffff                      f30:                      0
 pc: 000000000000002d                      f31:                      0
 sr: 0000000000000000 zsop
