> debug.sh example009

DEBUG: Debugging ON

 pc: 0000000000000006  sr: zSoP   r0: fffffffffffffff9 (                  -7)   r1: 0000000000000003 (                   3)  

 pc: 000000000000000b  sr: zsop   f0: 3fc2492492492492 (     0.142857142857143)   f1: 3fd45f318e7adaf5 (     0.318310155048877)  


CPU State
  R               hex                  dec  FP                   float   Stack               hex                  dec                  float
 r0: fffffffffffffff9                   -7  f0:      0.142857142857143 =>
 r1: 0000000000000003                    3  f1:      0.318310155048877
 r2: 0000000000000000                    0  f2:                      0
 r3: 0000000000000000                    0  f3:                      0
 r4: 0000000000000000                    0  f4:                      0
 r5: 0000000000000000                    0  f5:                      0
 r6: 0000000000000000                    0  f6:                      0
 r7: 0000000000000000                    0  f7:                      0
 r8: 0000000000000000                    0  f8:                      0
 r9: 0000000000000000                    0  f9:                      0
r10: 0000000000000000                    0 f10:                      0
r11: 0000000000000000                    0 f11:                      0
r12: 0000000000000000                    0 f12:                      0
r13: 0000000000000000                    0 f13:                      0
r14: 0000000000000000                    0 f14:                      0
r15: 0000000000000000                    0 f15:                      0
r16: 0000000000000000                    0 f16:                      0
r17: 0000000000000000                    0 f17:                      0
r18: 0000000000000000                    0 f18:                      0
r19: 0000000000000000                    0 f19:                      0
r20: 0000000000000000                    0 f20:                      0
r21: 0000000000000000                    0 f21:                      0
r22: 0000000000000000                    0 f22:                      0
r23: 0000000000000000                    0 f23:                      0
r24: 0000000000000000                    0 f24:                      0
r25: 0000000000000000                    0 f25:                      0
r26: 0000000000000000                    0 f26:                      0
r27: 0000000000000000                    0 f27:                      0
r28: 0000000000000000                    0 f28:                      0
 sf: ffffffffffffffff                      f29:                      0
 sp: ffffffffffffffff                      f30:                      0
 pc: 000000000000000d                      f31:                      0
 sr: 0000000000000000 zsop
