> debug.sh example003

DEBUG: Debugging ON


CPU State
  R               hex                   dec  FP                    float   Stack               hex                   dec                   float
 r0: 0000000000000000                     0  f0:      -10.00000000000000 =>
 r1: 0000000000000009                     9  f1:      -1.000000000000000
 r2: 000000000000000a                    10  f2:       1.000000000000000
 r3: 0000000000000020                    32  f3:       2.000000000000000
 r4: 0000000000000022                    34  f4:       4.000000000000000
 r5: 0000000000000027                    39  f5:       16.00000000000000
 r6: 0000000000000030                    48  f6:       65536.00000000000
 r7: 0000000000000041                    65  f7:       320255973501901.0
 r8: 0000000000000072                   114  f8:  -1.234000000000000e-10
 r9: 00000000000000a9                   169  f9:  4.567890000000000e+200
r10: 000000000000263a                  9786 f10:       3.141592653589793
r11: 000000000000263a                  9786 f11:       0.000000000000000
r12: fffffffffffffffb                    -5 f12:       0.000000000000000
r13: ffffffffffffffff                    -1 f13:       0.000000000000000
r14: 0000000000000001                     1 f14:       0.000000000000000
r15: 0000000000000002                     2 f15:       0.000000000000000
r16: 0000000000000004                     4 f16:       0.000000000000000
r17: 0000000000000008                     8 f17:       0.000000000000000
r18: 0000000000000010                    16 f18:       0.000000000000000
r19: 000123456789abcd       320255973501901 f19:       0.000000000000000
r20: 0000000000000000                     0 f20:       0.000000000000000
r21: 0000000000000000                     0 f21:       0.000000000000000
r22: 0000000000000000                     0 f22:       0.000000000000000
r23: 0000000000000000                     0 f23:       0.000000000000000
r24: 0000000000000000                     0 f24:       0.000000000000000
r25: 0000000000000000                     0 f25:       0.000000000000000
r26: 0000000000000000                     0 f26:       0.000000000000000
r27: 0000000000000000                     0 f27:       0.000000000000000
r28: 0000000000000000                     0 f28:       0.000000000000000
 sf: ffffffffffffffff                       f29:       0.000000000000000
 sp: ffffffffffffffff                       f30:       0.000000000000000
 pc: 0000000000000022                       f31:       0.000000000000000
 SR: 0000000000000000 zsop
