> debug.sh example013

DEBUG: Debugging ON

 pc: 0000000000000179  sr: zsop   r1: 000000000031c60b (3261963)   r2: 0000000000000146 (326)   r3: 000000000031c60b (3261963)   r4: 0000000000000146 (326)  

 pc: 000000000000017e  sr: zsop   f1: 400921fb54442d18 (3.141592653589793)   f2: 400921cac083126f (3.141500000000000)   f3: 400921fb54442d18 (3.141592653589793)   f4: 400921cac083126f (3.141500000000000)  
©2022 All rights reserved
¡Hola Mundo!  你好世界  שלום עולם
		"Ä" '€'☺

Hello, Rich!☺

 pc: 0000000000000199  sr: zsoP   r4: 0000000000000001 (1)  

 pc: 0000000000000199  sr: zsoP   r4: 0000000000000001 (1)  

 pc: 0000000000000199  sr: zsoP   r4: 0000000000000002 (2)  

 pc: 0000000000000199  sr: zsop   r4: 0000000000000003 (3)  

 pc: 0000000000000199  sr: zsop   r4: 0000000000000005 (5)  

 pc: 0000000000000199  sr: zsoP   r4: 0000000000000008 (8)  

 pc: 0000000000000199  sr: zsoP   r4: 000000000000000d (13)  

 pc: 0000000000000199  sr: zsoP   r4: 0000000000000015 (21)  

 pc: 000000000000019f  sr: zsop   f0: 3ff0000000000000 (1.000000000000000)  

 pc: 00000000000001a1  sr: zsop   f0: 3ff999999999999a (1.600000000000000)  

 pc: 00000000000001a3  sr: zsop   f0: 4004000000000000 (2.500000000000000)  

 pc: 00000000000001a5  sr: zsop   f0: 4010000000000000 (4.000000000000000)  

 pc: 00000000000001a7  sr: zsop   f0: 4019333333333333 (6.300000000000000)  


CPU State
  R               hex                   dec  FP                    float   Stack               hex                   dec                   float
 r0: 000000000000263a                  9786  f0:       6.300000000000000 =>
 r1: 0000000000000008                     8  f1:       3.141592653589793
 r2: 00000000000001c5                   453  f2:       3.141500000000000
 r3: 0000000000000008                     8  f3:       3.141592653589793
 r4: 0000000000000015                    21  f4:       3.141500000000000
 r5: 0000000000000000                     0  f5:       0.000000000000000
 r6: 0000000000000000                     0  f6:       0.000000000000000
 r7: 0000000000000000                     0  f7:       0.000000000000000
 r8: 0000000000000000                     0  f8:       0.000000000000000
 r9: 0000000000000000                     0  f9:       0.000000000000000
r10: 0000000000000000                     0 f10:       0.000000000000000
r11: 0000000000000000                     0 f11:       0.000000000000000
r12: 0000000000000000                     0 f12:       0.000000000000000
r13: 0000000000000000                     0 f13:       0.000000000000000
r14: 0000000000000000                     0 f14:       0.000000000000000
r15: 0000000000000000                     0 f15:       0.000000000000000
r16: 0000000000000000                     0 f16:       0.000000000000000
r17: 0000000000000000                     0 f17:       0.000000000000000
r18: 0000000000000000                     0 f18:       0.000000000000000
r19: 0000000000000000                     0 f19:       0.000000000000000
r20: 0000000000000000                     0 f20:       0.000000000000000
r21: 0000000000000000                     0 f21:       0.000000000000000
r22: 0000000000000000                     0 f22:       0.000000000000000
r23: 0000000000000000                     0 f23:       0.000000000000000
r24: 0000000000000000                     0 f24:       0.000000000000000
r25: 0000000000000000                     0 f25:       0.000000000000000
r26: 0000000000000000                     0 f26:       0.000000000000000
r27: 0000000000000000                     0 f27:       0.000000000000000
r28: 0000000000000000                     0 f28:       0.000000000000000
 sf: ffffffffffffffff                       f29:       0.000000000000000
 sp: ffffffffffffffff                       f30:       0.000000000000000
 pc: 00000000000001a9                       f31:       0.000000000000000
 SR: 0000000000000000 zsop
