> debug.sh example007

DEBUG: Debugging ON

 pc: 0000000000000005  sr: zsop   r0: 0000000000000003 (3)  

 pc: 0000000000000007  sr: zSop   r0: ffffffffffffffff (-1)  

 pc: 000000000000000a  sr: zsop   r0: 0000000000000006 (6)  

 pc: 000000000000000c  sr: zsoP   r0: 0000000000000001 (1)  

 pc: 0000000000000010  sr: zsop   f0: 400ca1cac083126f (3.579000000000000)  

 pc: 0000000000000012  sr: zSop   f0: bff1c6a7ef9db22e (-1.111000000000000)  

 pc: 0000000000000015  sr: zsop   f0: 401d77d6550bcb10 (7.367028550000001)  

 pc: 0000000000000017  sr: zsop   f0: 3ff56f665c56cb14 (1.339697228144989)  

 pc: 000000000000001a  sr: zsop   r0: 0000000000000003 (3)  

 pc: 000000000000001c  sr: zSop   r0: ffffffffffffffff (-1)  

 pc: 000000000000001f  sr: zsop   r0: 0000000000000006 (6)  

 pc: 0000000000000021  sr: zsoP   r0: 0000000000000001 (1)  

 pc: 0000000000000024  sr: zsop   f0: 4009df3b645a1cac (3.234000000000000)  

 pc: 0000000000000026  sr: zSop   f0: bfe883126e978d50 (-0.7660000000000000)  

 pc: 0000000000000029  sr: zsop   f0: 401921f9f01b866e (6.283180000000000)  

 pc: 000000000000002b  sr: zsop   f0: 3ff921f9f01b866e (1.570795000000000)  


CPU State
  R               hex                   dec  FP                    float   Stack               hex                   dec                   float
 r0: 0000000000000001                     1  f0:       1.570795000000000 =>
 r1: 0000000000000003                     3  f1:       3.141590000000000
 r2: 0000000000000002                     2  f2:       2.345000000000000
 r3: 0000000000000000                     0  f3:       0.000000000000000
 r4: 0000000000000000                     0  f4:       0.000000000000000
 r5: 0000000000000000                     0  f5:       0.000000000000000
 r6: 0000000000000000                     0  f6:       0.000000000000000
 r7: 0000000000000000                     0  f7:       0.000000000000000
 r8: 0000000000000000                     0  f8:       0.000000000000000
 r9: 0000000000000000                     0  f9:       0.000000000000000
r10: 0000000000000000                     0 f10:       0.000000000000000
r11: 0000000000000000                     0 f11:       0.000000000000000
r12: 0000000000000000                     0 f12:       0.000000000000000
r13: 0000000000000000                     0 f13:       0.000000000000000
r14: 0000000000000000                     0 f14:       0.000000000000000
r15: 0000000000000000                     0 f15:       0.000000000000000
r16: 0000000000000000                     0 f16:       0.000000000000000
r17: 0000000000000000                     0 f17:       0.000000000000000
r18: 0000000000000000                     0 f18:       0.000000000000000
r19: 0000000000000000                     0 f19:       0.000000000000000
r20: 0000000000000000                     0 f20:       0.000000000000000
r21: 0000000000000000                     0 f21:       0.000000000000000
r22: 0000000000000000                     0 f22:       0.000000000000000
r23: 0000000000000000                     0 f23:       0.000000000000000
r24: 0000000000000000                     0 f24:       0.000000000000000
r25: 0000000000000000                     0 f25:       0.000000000000000
r26: 0000000000000000                     0 f26:       0.000000000000000
r27: 0000000000000000                     0 f27:       0.000000000000000
r28: 0000000000000000                     0 f28:       0.000000000000000
 sf: ffffffffffffffff                       f29:       0.000000000000000
 sp: ffffffffffffffff                       f30:       0.000000000000000
 pc: 000000000000002d                       f31:       0.000000000000000
 SR: 0000000000000000 zsop
