> debug.sh example009

DEBUG: Debugging ON

 pc: 0000000000000006  sr: zSoP   r0: fffffffffffffff9 (-7)   r1: 0000000000000003 (3)  

 pc: 000000000000000b  sr: zsop   f0: 3fc2492492492492 (0.1428571428571429)   f1: 3fd45f318e7adaf5 (0.3183101550488766)  


CPU State
  R               hex                   dec  FP                    float   Stack               hex                   dec                   float
 r0: fffffffffffffff9                    -7  f0:      0.1428571428571429 =>
 r1: 0000000000000003                     3  f1:      0.3183101550488766
 r2: 0000000000000000                     0  f2:       0.000000000000000
 r3: 0000000000000000                     0  f3:       0.000000000000000
 r4: 0000000000000000                     0  f4:       0.000000000000000
 r5: 0000000000000000                     0  f5:       0.000000000000000
 r6: 0000000000000000                     0  f6:       0.000000000000000
 r7: 0000000000000000                     0  f7:       0.000000000000000
 r8: 0000000000000000                     0  f8:       0.000000000000000
 r9: 0000000000000000                     0  f9:       0.000000000000000
r10: 0000000000000000                     0 f10:       0.000000000000000
r11: 0000000000000000                     0 f11:       0.000000000000000
r12: 0000000000000000                     0 f12:       0.000000000000000
r13: 0000000000000000                     0 f13:       0.000000000000000
r14: 0000000000000000                     0 f14:       0.000000000000000
r15: 0000000000000000                     0 f15:       0.000000000000000
r16: 0000000000000000                     0 f16:       0.000000000000000
r17: 0000000000000000                     0 f17:       0.000000000000000
r18: 0000000000000000                     0 f18:       0.000000000000000
r19: 0000000000000000                     0 f19:       0.000000000000000
r20: 0000000000000000                     0 f20:       0.000000000000000
r21: 0000000000000000                     0 f21:       0.000000000000000
r22: 0000000000000000                     0 f22:       0.000000000000000
r23: 0000000000000000                     0 f23:       0.000000000000000
r24: 0000000000000000                     0 f24:       0.000000000000000
r25: 0000000000000000                     0 f25:       0.000000000000000
r26: 0000000000000000                     0 f26:       0.000000000000000
r27: 0000000000000000                     0 f27:       0.000000000000000
r28: 0000000000000000                     0 f28:       0.000000000000000
 sf: ffffffffffffffff                       f29:       0.000000000000000
 sp: ffffffffffffffff                       f30:       0.000000000000000
 pc: 000000000000000d                       f31:       0.000000000000000
 SR: 0000000000000000 zsop
